116,7
116,6
116,5
116,4
116,3
116,2
116,1
115,4
115,3
115,2
115,1
114,4
114,3
114,2
114,1
113,4
113,3
113,2
113,1
112,4
112,3
112,2
112,1
111,4
111,3
111,2
111,1
110,7
110,6
110,5
110,4
110,3
110,2
110,1
109,4
109,3
109,2
109,1
108,9
108,8
108,7
108,6
108,5
108,4
108,3
108,2
108,1
107,5
107,4
107,3
107,2
107,1
106,4
106,3
106,2
106,1
105,5
105,4
105,3
105,2
105,1
104,5
104,4
104,3
104,2
104,1
103,3
103,2
103,1
102,6
102,5
102,4
102,3
102,2
102,1
101,4
101,3
101,2
101,1
100,5
100,4
100,3
100,2
100,1
99,4
99,3
99,2
99,1
98,4
98,3
98,2
98,1
97,4
97,3
97,2
97,1
96,4
96,3
96,2
96,1
95,9
95,8
95,7
95,6
95,5
95,4
95,3
95,2
95,1
94,4
94,3
94,2
94,1
93,4
93,3
93,2
93,1
92,6
92,5
92,4
92,3
92,2
92,1
91,4
91,3
91,2
91,1
90,4
90,3
90,2
90,1
89,4
89,3
89,2
89,1
88,5
88,4
88,3
88,2
88,1
87,5
87,4
87,3
87,2
87,1
86,4
86,3
86,2
86,1
85,4
85,3
85,2
85,1
84,5
84,4
84,3
84,2
84,1
83,4
83,3
83,2
83,1
82,3
82,2
82,1
81,4
81,3
81,2
81,1
80,4
80,3
80,2
80,1
79,4
79,3
79,2
79,1
78,3
78,2
78,1
77,4
77,3
77,2
77,1
76,3
76,2
76,1
75,3
75,2
75,1
74,3
74,2
74,1
73,4
73,3
73,2
73,1
72,4
72,3
72,2
72,1
71,4
71,3
71,2
71,1
70,6
70,5
70,4
70,3
70,2
70,1
69,4
69,3
69,2
69,1
68,6
68,5
68,4
68,3
68,2
68,1
67,6
67,5
67,4
67,3
67,2
67,1
66,5
66,4
66,3
66,2
66,1
65,4
65,3
65,2
65,1
64,4
64,3
64,2
64,1
63,6
63,5
63,4
63,3
63,2
63,1
62,3
62,2
62,1
61,5
61,4
61,3
61,2
61,1
60,5
60,4
60,3
60,2
60,1
59,5
59,4
59,3
59,2
59,1
58,5
58,4
58,3
58,2
58,1
57,6
57,5
57,4
57,3
57,2
57,1
56,5
56,4
56,3
56,2
56,1
55,5
55,4
55,3
55,2
55,1
54,6
54,5
54,4
54,3
54,2
54,1
53,6
53,5
53,4
53,3
53,2
53,1
52,5
52,4
52,3
52,2
52,1
51,5
51,4
51,3
51,2
51,1
50,6
50,5
50,4
50,3
50,2
50,1
49,4
49,3
49,2
49,1
48,4
48,3
48,2
48,1
47,5
47,4
47,3
47,2
47,1
2,11
2,10
2,9
2,8
2,7
2,6
2,4
2,3
2,2
2,0
1,3
0,438
0,436
0,429
0,425
0,410
0,352
0,345
0,342
0,340
0,337
0,324
0,243
0,9
0,0
0,1
0,435
0,300
0,439
0,299
0,298
0,381
0,297
0,307
0,296
0,295
0,398
0,294
0,397
0,293
0,396
0,292
0,434
0,291
0,395
0,290
0,380
0,289
0,440
0,288
0,393
0,287
0,392
0,286
0,391
0,285
0,444
0,284
0,389
0,283
0,282
0,388
0,281
0,387
0,280
0,386
0,279
4,3
0,432
0,278
0,385
0,277
0,384
0,276
0,372
0,275
0,442
0,274
0,382
0,273
0,416
0,272
0,427
0,271
0,443
0,270
0,269
0,378
0,268
0,377
0,267
0,376
0,266
0,375
0,265
0,374
0,264
0,373
0,263
0,262
0,371
0,261
0,370
0,260
0,431
0,259
0,402
0,258
0,430
0,257
0,368
0,256
0,367
0,255
0,254
2,1
0,365
0,253
0,423
0,252
0,364
0,251
0,363
0,250
0,361
0,249
0,419
0,248
0,357
0,247
0,355
0,246
0,405
0,245
0,359
0,244
0,358
0,242
0,241
0,351
0,240
0,360
0,239
0,420
0,238
0,354
0,237
0,418
0,236
0,349
0,235
0,409
0,234
0,417
0,233
0,343
0,232
0,350
0,231
0,230
0,348
0,229
0,415
0,228
0,347
0,227
0,226
0,346
0,225
0,335
0,224
0,344
0,223
0,356
0,222
0,318
0,221
0,220
0,413
0,219
0,341
0,218
0,312
0,217
0,353
0,216
0,338
0,215
0,214
0,336
0,213
0,411
0,212
0,334
0,211
0,321
0,210
0,339
0,209
0,390
0,208
0,301
0,207
0,333
0,206
0,332
0,205
0,331
0,204
0,330
0,203
0,408
0,202
0,329
0,201
0,445
0,200
0,328
0,199
0,327
0,198
0,326
0,197
0,325
0,196
0,422
0,195
0,323
0,194
0,319
0,193
0,322
0,192
0,400
0,63
0,320
0,62
0,394
0,61
0,441
0,60
0,407
0,59
0,421
0,58
0,317
0,57
0,316
0,56
0,315
0,55
0,314
0,54
0,446
0,53
0,313
0,52
0,51
0,447
0,50
0,49
0,310
0,48
0,47
0,308
0,46
0,383
0,45
0,426
0,6
0,5
0,304
0,303
0,306
0,305
0,302
0,12
0,424
0,10
0,8
0,437
0,11
0,4
0,2
0,3
0,7
116,0
115,0
114,0
113,0
112,0
111,0
110,0
109,0
108,0
107,0
106,0
105,0
104,0
103,0
102,0
101,0
100,0
99,0
98,0
97,0
96,0
95,0
94,0
93,0
92,0
91,0
90,0
89,0
88,0
87,0
86,0
85,0
84,0
83,0
82,0
81,0
80,0
79,0
78,0
77,0
76,0
75,0
74,0
73,0
72,0
71,0
70,0
69,0
68,0
67,0
66,0
65,0
64,0
63,0
62,0
61,0
60,0
59,0
58,0
57,0
56,0
55,0
54,0
53,0
52,0
51,0
50,0
49,0
48,0
47,0
